image_width: 1280
image_height: 720
camera_name: narrow_stereo
camera_matrix:
  rows: 3
  cols: 3
  data: [2386.245165, 0, 926.8531829999999, 0, 2400.281072, 64.38766, 0, 0, 1]
distortion_model: plumb_bob
distortion_coefficients:
  rows: 1
  cols: 5
  data: [0.327979, -0.394716, -0.039507, 0.04066699999999999, 0]
rectification_matrix:
  rows: 3
  cols: 3
  data: [1, 0, 0, 0, 1, 0, 0, 0, 1]
projection_matrix:
  rows: 3
  cols: 4
  data: [2405.466064, 0, 939.147198, 0, 0, 2459.951904, 50.587842, 0, 0, 0, 1, 0]
