# oST version 5.0 parameters


[image]

width
1280

height
720

[narrow_stereo]

camera matrix
2386.245165 0.000000 926.853183
0.000000 2400.281072 64.387660
0.000000 0.000000 1.000000

distortion
0.327979 -0.394716 -0.039507 0.040667 0.000000

rectification
1.000000 0.000000 0.000000
0.000000 1.000000 0.000000
0.000000 0.000000 1.000000

projection
2405.466064 0.000000 939.147198 0.000000
0.000000 2459.951904 50.587842 0.000000
0.000000 0.000000 1.000000 0.000000

